
1        1        0        0 
2        1        0        0
3        5        0        0
4        5        0        0
5        5        0        0
6        6        0        0
7        18       0        0
8        47       1        0
9        98       1        0
10       192      3        0
11       359      4        0
12       670      9        0
13       1236     30       0
14       1529     37       0
15       1872     44       0
16       2433     59       0
17       3629     75       0
18       5698     92       42
19       7402     108      70
20       9217     131      105
21       10827    168      162
22       13531    214      243
23       15679    277      333
24       18135    356      415
25       20921    425      484
26       23934    501      786
27       27069    574      1042
28       30217    649      1326
29       34109    725      1582
30       38226    812      1846
31       42282    908      2142
32       47029    1006     2423
33       52167    1101     2965
34       56956    1198     3446
35       61049    1296     3957
36       65111    1403     4799
37       69392    1518     5674
38       74193    1643     7089
39       78546    1769     8631
40       82329    1890     10453
41       86306    2017     11976
42       90980    2140     13430
43       95591    2259     14918
44       98674    2376     16477
45       101790   2491     18491
46       104912   2600     21737
47       107773   2706     25582
48       110130   2805     29140
49       112261   2900     33791
50       114653   2992     38809
51       117589   3081     44040
52       120204   3174     48886
53       122392   3258     53808
54       124375   3336     58259
55       126045   3397     63151
56       127659   3461     68166
57       129491   3520     73285
58       131744   3584     78202
59       133721   3641     82984
60       135569   3689     86396
61       137115   3739     89480
